{
    "aggregates":
    {
        "aop": 7.233874037312021,
        "dice_ps": 0.876996168829477,
        "dice_fh": 0.9368166742210983,
        "dice_all": 0.9310379235788627,
        "hd_ps": 7.934192478410251,
        "hd_fh": 11.450326385065903,
        "hd_all": 12.768649718567628,
        "asd_ps": 2.4296460169979506,
        "asd_fh": 3.5220652213266916,
        "asd_all": 3.143603040320533
    },
    "score": 0.941456602951911
}